0 0.215625 0.240625 0.078125 0.078125
2 0.071875 0.4546875 0.078125 0.078125
2 0.09375 0.4953125 0.078125 0.078125
2 0.1328125 0.403125 0.078125 0.078125
2 0.1125 0.4265625 0.078125 0.078125
2 0.0703125 0.403125 0.078125 0.078125
2 0.1328125 0.309375 0.078125 0.078125
2 0.2078125 0.428125 0.078125 0.078125
2 0.0234375 0.478125 0.078125 0.078125
1 0.346875 0.1046875 0.078125 0.078125
1 0.3765625 0.125 0.078125 0.078125
1 0.3234375 0.234375 0.078125 0.078125
1 0.3078125 0.321875 0.078125 0.078125
1 0.0578125 0.2390625 0.078125 0.078125
1 0.31875 0.540625 0.078125 0.078125
1 0.059375 0.2125 0.078125 0.078125
1 0.128125 0.2484375 0.078125 0.078125
1 0.1 0.25625 0.078125 0.078125
1 0.171875 0.6171875 0.078125 0.078125
1 0.171875 0.5796875 0.078125 0.078125
1 0.253125 0.6375 0.078125 0.078125
1 0.01875 0.10625 0.078125 0.078125
1 0.0265625 0.128125 0.078125 0.078125
1 0.0328125 0.1515625 0.078125 0.078125
1 0.4015625 0.2703125 0.078125 0.078125
1 0.471875 0.29375 0.078125 0.078125
1 0.36875 0.3734375 0.078125 0.078125
1 0.3625 0.396875 0.078125 0.078125
1 0.3265625 0.4375 0.078125 0.078125
1 0.3359375 0.4640625 0.078125 0.078125
