2 0.190625 0.0578125 0.078125 0.078125
2 0.1328125 0.028125 0.078125 0.078125
2 0.0765625 0.0328125 0.078125 0.078125
2 0.065625 0.028125 0.078125 0.078125
2 0.0484375 0.0578125 0.078125 0.078125
2 0.1109375 0.0609375 0.078125 0.078125
2 0.0703125 0.6703125 0.078125 0.078125
2 0.19375 0.63125 0.078125 0.078125
2 0.1765625 0.6484375 0.078125 0.078125
2 0.1359375 0.6375 0.078125 0.078125
2 0.221875 0.6671875 0.078125 0.078125
2 0.428125 0.6703125 0.078125 0.078125
2 0.33125 0.6296875 0.078125 0.078125
2 0.2359375 0.653125 0.078125 0.078125
