1 0.0046875 0.1984375 0.078125 0.078125
1 0.0421875 0.215625 0.078125 0.078125
1 0.0859375 0.2765625 0.078125 0.078125
1 0.05 0.2734375 0.078125 0.078125
1 0.040625 0.3578125 0.078125 0.078125
1 0.103125 0.25 0.078125 0.078125
1 0.078125 0.1875 0.078125 0.078125
1 0.134375 0.6484375 0.078125 0.078125
1 0.16875 0.484375 0.078125 0.078125
1 0.2640625 0.4203125 0.078125 0.078125
1 0.240625 0.3828125 0.078125 0.078125
1 0.2078125 0.38125 0.078125 0.078125
1 0.3421875 0.3453125 0.078125 0.078125
1 0.2765625 0.303125 0.078125 0.078125
1 0.31875 0.2828125 0.078125 0.078125
1 0.3125 0.31875 0.078125 0.078125
1 0.196875 0.5515625 0.078125 0.078125
1 0.178125 0.5234375 0.078125 0.078125
1 0.0546875 0.1046875 0.078125 0.078125
1 0.059375 0.1328125 0.078125 0.078125
1 0.115625 0.121875 0.078125 0.078125
1 0.109375 0.1453125 0.078125 0.078125
1 0.159375 0.10625 0.078125 0.078125
1 0.2 0.1421875 0.078125 0.078125
1 0.2359375 0.19375 0.078125 0.078125
1 0.2640625 0.1890625 0.078125 0.078125
1 0.2859375 0.1828125 0.078125 0.078125
1 0.309375 0.16875 0.078125 0.078125
1 0.290625 0.221875 0.078125 0.078125
1 0.19375 0.5 0.078125 0.078125
