2 0.53125 0.2 0.078125 0.078125
2 0.4875 0.21875 0.078125 0.078125
2 0.4453125 0.31875 0.078125 0.078125
2 0.45625 0.34375 0.078125 0.078125
2 0.515625 0.2671875 0.078125 0.078125
2 0.4171875 0.259375 0.078125 0.078125
2 0.4078125 0.2515625 0.078125 0.078125
2 0.4390625 0.36875 0.078125 0.078125
2 0.4515625 0.384375 0.078125 0.078125
2 0.4640625 0.384375 0.078125 0.078125
2 0.4921875 0.3953125 0.078125 0.078125
2 0.4765625 0.3875 0.078125 0.078125
2 0.4359375 0.34375 0.078125 0.078125
2 0.546875 0.234375 0.078125 0.078125
2 0.5390625 0.221875 0.078125 0.078125
2 0.4765625 0.290625 0.078125 0.078125
