2 0.4453125 0.33125 0.078125 0.078125
2 0.459375 0.375 0.078125 0.078125
2 0.1953125 0.5265625 0.078125 0.078125
2 0.80625 0.225 0.078125 0.078125
2 0.871875 0.2671875 0.078125 0.078125
2 0.0765625 0.5484375 0.078125 0.078125
2 0.1609375 0.4453125 0.078125 0.078125
2 0.196875 0.45 0.078125 0.078125
2 0.053125 0.4125 0.078125 0.078125
2 0.7078125 0.3375 0.078125 0.078125
2 0.721875 0.3859375 0.078125 0.078125
2 0.8421875 0.3109375 0.078125 0.078125
1 0.1234375 0.3125 0.078125 0.078125
1 0.3609375 0.046875 0.078125 0.078125
1 0.3046875 0.0921875 0.078125 0.078125
1 0.3921875 0.0265625 0.078125 0.078125
1 0.2984375 0.0578125 0.078125 0.078125
1 0.5921875 0.0109375 0.078125 0.078125
1 0.5234375 0.06875 0.078125 0.078125
1 0.4875 0.1453125 0.078125 0.078125
1 0.7921875 0.1390625 0.078125 0.078125
1 0.41875 0.040625 0.078125 0.078125
1 0.434375 0.06875 0.078125 0.078125
1 0.24375 0.0453125 0.078125 0.078125
1 0.0578125 0.3265625 0.078125 0.078125
1 0.0765625 0.31875 0.078125 0.078125
1 0.165625 0.421875 0.078125 0.078125
1 0.140625 0.309375 0.078125 0.078125
1 0.8171875 0.01875 0.078125 0.078125
1 0.0046875 0.15 0.078125 0.078125
1 0.0546875 0.1140625 0.078125 0.078125
1 0.1625 0.14375 0.078125 0.078125
1 0.140625 0.3296875 0.078125 0.078125
1 0.878125 0.1515625 0.078125 0.078125
1 0.6671875 0.0515625 0.078125 0.078125
1 0.6109375 0.2890625 0.078125 0.078125
