2 0.0265625 0.1609375 0.078125 0.078125
2 0.028125 0.1421875 0.078125 0.078125
2 0.2421875 0.2046875 0.078125 0.078125
2 0.2984375 0.2203125 0.078125 0.078125
2 0.2828125 0.2203125 0.078125 0.078125
2 0.2578125 0.2234375 0.078125 0.078125
2 0.2765625 0.046875 0.078125 0.078125
2 0.3046875 0.04375 0.078125 0.078125
2 0.3421875 0.2078125 0.078125 0.078125
2 0.3515625 0.2234375 0.078125 0.078125
2 0.371875 0.2078125 0.078125 0.078125
2 0.5046875 0.25 0.078125 0.078125
2 0.253125 0.2703125 0.078125 0.078125
2 0.5078125 0.4296875 0.078125 0.078125
2 0.5421875 0.5703125 0.078125 0.078125
2 0.5765625 0.1296875 0.078125 0.078125
2 0.0671875 0.3078125 0.078125 0.078125
2 0.2015625 0.3140625 0.078125 0.078125
2 0.1921875 0.296875 0.078125 0.078125
2 0.153125 0.2015625 0.078125 0.078125
2 0.7046875 0.5828125 0.078125 0.078125
2 0.6609375 0.490625 0.078125 0.078125
2 0.5515625 0.2609375 0.078125 0.078125
2 0.4578125 0.2171875 0.078125 0.078125
2 0.521875 0.1609375 0.078125 0.078125
2 0.2015625 0.2171875 0.078125 0.078125
2 0.1390625 0.2296875 0.078125 0.078125
2 0.021875 0.2375 0.078125 0.078125
2 0.4515625 0.24375 0.078125 0.078125
2 0.4171875 0.2515625 0.078125 0.078125
2 0.509375 0.359375 0.078125 0.078125
2 0.534375 0.3375 0.078125 0.078125
2 0.528125 0.4140625 0.078125 0.078125
2 0.55 0.3453125 0.078125 0.078125
2 0.35 0.1125 0.078125 0.078125
2 0.7890625 0.575 0.078125 0.078125
2 0.8078125 0.5703125 0.078125 0.078125
2 0.8171875 0.59375 0.078125 0.078125
2 0.7859375 0.6 0.078125 0.078125
2 0.7984375 0.6078125 0.078125 0.078125
2 0.7703125 0.5765625 0.078125 0.078125
2 0.678125 0.4875 0.078125 0.078125
2 0.66875 0.4453125 0.078125 0.078125
2 0.528125 0.625 0.078125 0.078125
2 0.5375 0.6046875 0.078125 0.078125
2 0.7296875 0.565625 0.078125 0.078125
2 0.7515625 0.615625 0.078125 0.078125
2 0.7421875 0.634375 0.078125 0.078125
2 0.6671875 0.6109375 0.078125 0.078125
2 0.7859375 0.6703125 0.078125 0.078125
2 0.5484375 0.640625 0.078125 0.078125
2 0.5390625 0.528125 0.078125 0.078125
1 0.1671875 0.125 0.078125 0.078125
1 0.16875 0.1484375 0.078125 0.078125
