2 0.178125 0.028125 0.078125 0.078125
2 0.16875 0.225 0.078125 0.078125
2 0.1796875 0.16875 0.078125 0.078125
2 0.178125 0.1859375 0.078125 0.078125
2 0.16875 0.3140625 0.078125 0.078125
2 0.1734375 0.29375 0.078125 0.078125
2 0.18125 0.0609375 0.078125 0.078125
2 0.8046875 0.1765625 0.078125 0.078125
2 0.83125 0.15 0.078125 0.078125
2 0.8484375 0.178125 0.078125 0.078125
2 0.7984375 0.1625 0.078125 0.078125
2 0.6796875 0.196875 0.078125 0.078125
2 0.6703125 0.153125 0.078125 0.078125
2 0.7296875 0.040625 0.078125 0.078125
2 0.775 0.0046875 0.078125 0.078125
2 0.1609375 0.375 0.078125 0.078125
2 0.084375 0.5671875 0.078125 0.078125
2 0.0328125 0.5765625 0.078125 0.078125
2 0.01875 0.5609375 0.078125 0.078125
2 0.0953125 0.4328125 0.078125 0.078125
2 0.1265625 0.4609375 0.078125 0.078125
2 0.015625 0.6 0.078125 0.078125
2 0.046875 0.584375 0.078125 0.078125
2 0.9203125 0.1796875 0.078125 0.078125
2 0.88125 0.1671875 0.078125 0.078125
1 0.5140625 0.01875 0.078125 0.078125
1 0.540625 0.0078125 0.078125 0.078125
1 0.575 0.0125 0.078125 0.078125
1 0.625 0.0359375 0.078125 0.078125
1 0.4140625 0.0015625 0.078125 0.078125
1 0.4171875 0.178125 0.078125 0.078125
1 0.41875 0.234375 0.078125 0.078125
1 0.4421875 0.2328125 0.078125 0.078125
1 0.5671875 0.246875 0.078125 0.078125
1 0.596875 0.3390625 0.078125 0.078125
1 0.5828125 0.3609375 0.078125 0.078125
1 0.5546875 0.390625 0.078125 0.078125
1 0.534375 0.396875 0.078125 0.078125
1 0.6359375 0.3984375 0.078125 0.078125
1 0.628125 0.425 0.078125 0.078125
1 0.659375 0.378125 0.078125 0.078125
1 0.825 0.4328125 0.078125 0.078125
1 0.8671875 0.4234375 0.078125 0.078125
1 0.8953125 0.421875 0.078125 0.078125
1 0.9125 0.6609375 0.078125 0.078125
1 0.3859375 0.4640625 0.078125 0.078125
1 0.315625 0.5125 0.078125 0.078125
1 0.2796875 0.559375 0.078125 0.078125
1 0.3 0.5703125 0.078125 0.078125
1 0.334375 0.2546875 0.078125 0.078125
1 0.5421875 0.046875 0.078125 0.078125
1 0.80625 0.303125 0.078125 0.078125
1 0.78125 0.26875 0.078125 0.078125
1 0.7640625 0.2875 0.078125 0.078125
1 0.7640625 0.3109375 0.078125 0.078125
1 0.7171875 0.2484375 0.078125 0.078125
1 0.68125 0.28125 0.078125 0.078125
1 0.6796875 0.3171875 0.078125 0.078125
1 0.7125 0.365625 0.078125 0.078125
1 0.2171875 0.634375 0.078125 0.078125
1 0.1625 0.6171875 0.078125 0.078125
1 0.1453125 0.5984375 0.078125 0.078125
1 0.1515625 0.64375 0.078125 0.078125
1 0.2421875 0.6703125 0.078125 0.078125
1 0.640625 0.628125 0.078125 0.078125
1 0.671875 0.60625 0.078125 0.078125
1 0.7046875 0.6109375 0.078125 0.078125
1 0.725 0.5609375 0.078125 0.078125
1 0.246875 0.4328125 0.078125 0.078125
1 0.3625 0.49375 0.078125 0.078125
1 0.3046875 0.3453125 0.078125 0.078125
1 0.0421875 0.1890625 0.078125 0.078125
1 0.0796875 0.1859375 0.078125 0.078125
1 0.3234375 0.0953125 0.078125 0.078125
