0 0.2890625 0.6453125 0.078125 0.078125
0 0.296875 0.6671875 0.078125 0.078125
0 0.33125 0.45 0.078125 0.078125
0 0.3484375 0.31875 0.078125 0.078125
0 0.3609375 0.325 0.078125 0.078125
0 0.4109375 0.3453125 0.078125 0.078125
0 0.384375 0.3703125 0.078125 0.078125
0 0.121875 0.2828125 0.078125 0.078125
0 0.284375 0.26875 0.078125 0.078125
0 0.3421875 0.303125 0.078125 0.078125
0 0.428125 0.28125 0.078125 0.078125
0 0.4625 0.240625 0.078125 0.078125
0 0.296875 0.28125 0.078125 0.078125
0 0.3984375 0.2546875 0.078125 0.078125
0 0.6171875 0.0421875 0.078125 0.078125
0 0.6671875 0.01875 0.078125 0.078125
0 0.7703125 0.0265625 0.078125 0.078125
0 0.371875 0.2953125 0.078125 0.078125
0 0.08125 0.184375 0.078125 0.078125
0 0.03125 0.146875 0.078125 0.078125
0 0.01875 0.1171875 0.078125 0.078125
0 0.18125 0.371875 0.078125 0.078125
