0 0.0734375 0.6171875 0.078125 0.078125
0 0.54375 0.65625 0.078125 0.078125
0 0.7109375 0.503125 0.078125 0.078125
0 0.6453125 0.4890625 0.078125 0.078125
0 0.178125 0.3390625 0.078125 0.078125
0 0.23125 0.3046875 0.078125 0.078125
0 0.23125 0.2484375 0.078125 0.078125
0 0.3046875 0.2609375 0.078125 0.078125
0 0.690625 0.640625 0.078125 0.078125
0 0.196875 0.528125 0.078125 0.078125
0 0.50625 0.51875 0.078125 0.078125
0 0.55 0.503125 0.078125 0.078125
0 0.88125 0.253125 0.078125 0.078125
0 0.828125 0.265625 0.078125 0.078125
0 0.1828125 0.6515625 0.078125 0.078125
0 0.1984375 0.1390625 0.078125 0.078125
0 0.18125 0.11875 0.078125 0.078125
0 0.25625 0.0328125 0.078125 0.078125
0 0.3203125 0.003125 0.078125 0.078125
0 0.3140625 0.025 0.078125 0.078125
0 0.34375 0.028125 0.078125 0.078125
0 0.346875 0.1109375 0.078125 0.078125
0 0.546875 0.053125 0.078125 0.078125
0 0.2609375 0.5765625 0.078125 0.078125
