1 0.790625 0.3234375 0.078125 0.078125
1 0.79375 0.2859375 0.078125 0.078125
1 0.7578125 0.315625 0.078125 0.078125
1 0.671875 0.39375 0.078125 0.078125
1 0.6875 0.409375 0.078125 0.078125
1 0.5859375 0.3359375 0.078125 0.078125
1 0.5765625 0.3578125 0.078125 0.078125
1 0.5625 0.340625 0.078125 0.078125
1 0.609375 0.5578125 0.078125 0.078125
1 0.6484375 0.603125 0.078125 0.078125
1 0.91875 0.65625 0.078125 0.078125
1 0.9171875 0.340625 0.078125 0.078125
1 0.6625 0.6203125 0.078125 0.078125
1 0.6796875 0.6421875 0.078125 0.078125
1 0.7171875 0.671875 0.078125 0.078125
1 0.7375 0.640625 0.078125 0.078125
1 0.646875 0.3078125 0.078125 0.078125
1 0.6140625 0.3359375 0.078125 0.078125
1 0.8734375 0.3703125 0.078125 0.078125
1 0.821875 0.409375 0.078125 0.078125
1 0.8359375 0.465625 0.078125 0.078125
1 0.8734375 0.4859375 0.078125 0.078125
1 0.8921875 0.471875 0.078125 0.078125
1 0.853125 0.6453125 0.078125 0.078125
1 0.8359375 0.65625 0.078125 0.078125
1 0.546875 0.415625 0.078125 0.078125
1 0.4671875 0.5359375 0.078125 0.078125
1 0.515625 0.565625 0.078125 0.078125
1 0.4671875 0.4953125 0.078125 0.078125
