0 0.15625 0.490625 0.078125 0.078125
0 0.2375 0.40625 0.078125 0.078125
0 0.2046875 0.4421875 0.078125 0.078125
2 0.175 0.4546875 0.078125 0.078125
2 0.3296875 0.33125 0.078125 0.078125
2 0.2921875 0.3671875 0.078125 0.078125
2 0.0921875 0.5203125 0.078125 0.078125
2 0.1109375 0.5046875 0.078125 0.078125
2 0.4 0.6375 0.078125 0.078125
2 0.4140625 0.61875 0.078125 0.078125
2 0.4921875 0.490625 0.078125 0.078125
1 0.70625 0.4640625 0.078125 0.078125
1 0.69375 0.496875 0.078125 0.078125
1 0.753125 0.521875 0.078125 0.078125
1 0.7359375 0.5421875 0.078125 0.078125
1 0.715625 0.5640625 0.078125 0.078125
1 0.7671875 0.4484375 0.078125 0.078125
1 0.75625 0.46875 0.078125 0.078125
1 0.778125 0.478125 0.078125 0.078125
1 0.846875 0.45625 0.078125 0.078125
1 0.8640625 0.4421875 0.078125 0.078125
1 0.8890625 0.5015625 0.078125 0.078125
1 0.89375 0.65625 0.078125 0.078125
1 0.6109375 0.61875 0.078125 0.078125
1 0.5109375 0.603125 0.078125 0.078125
1 0.6359375 0.35 0.078125 0.078125
1 0.4203125 0.4328125 0.078125 0.078125
1 0.2296875 0.31875 0.078125 0.078125
1 0.3375 0.16875 0.078125 0.078125
1 0.1375 0.2421875 0.078125 0.078125
1 0.375 0.4234375 0.078125 0.078125
1 0.35625 0.4984375 0.078125 0.078125
1 0.2859375 0.6578125 0.078125 0.078125
1 0.6484375 0.4125 0.078125 0.078125
1 0.625 0.396875 0.078125 0.078125
1 0.6390625 0.3890625 0.078125 0.078125
1 0.5140625 0.2203125 0.078125 0.078125
1 0.3640625 0.2625 0.078125 0.078125
1 0.278125 0.2234375 0.078125 0.078125
1 0.1875 0.171875 0.078125 0.078125
1 0.2015625 0.2 0.078125 0.078125
1 0.1546875 0.303125 0.078125 0.078125
1 0.13125 0.365625 0.078125 0.078125
1 0.4296875 0.0984375 0.078125 0.078125
1 0.24375 0.11875 0.078125 0.078125
1 0.440625 0.3328125 0.078125 0.078125
1 0.434375 0.35625 0.078125 0.078125
1 0.2359375 0.4796875 0.078125 0.078125
1 0.1984375 0.325 0.078125 0.078125
1 0.7359375 0.6015625 0.078125 0.078125
1 0.75 0.6109375 0.078125 0.078125
1 0.4359375 0.1796875 0.078125 0.078125
1 0.4625 0.190625 0.078125 0.078125
1 0.4765625 0.2125 0.078125 0.078125
1 0.3828125 0.2140625 0.078125 0.078125
1 0.36875 0.2359375 0.078125 0.078125
1 0.6015625 0.296875 0.078125 0.078125
1 0.59375 0.2625 0.078125 0.078125
1 0.5390625 0.2359375 0.078125 0.078125
1 0.5859375 0.4234375 0.078125 0.078125
1 0.8328125 0.0828125 0.078125 0.078125
1 0.628125 0.0890625 0.078125 0.078125
1 0.6640625 0.0984375 0.078125 0.078125
1 0.7765625 0.015625 0.078125 0.078125
1 0.7703125 0.04375 0.078125 0.078125
1 0.8984375 0.4109375 0.078125 0.078125
1 0.1703125 0.2515625 0.078125 0.078125
1 0.15625 0.234375 0.078125 0.078125
1 0.821875 0.1609375 0.078125 0.078125
1 0.4921875 0.171875 0.078125 0.078125
1 0.5859375 0.1796875 0.078125 0.078125
1 0.5984375 0.1578125 0.078125 0.078125
1 0.61875 0.184375 0.078125 0.078125
1 0.56875 0.2375 0.078125 0.078125
1 0.88125 0.1265625 0.078125 0.078125
1 0.8796875 0.196875 0.078125 0.078125
1 0.8453125 0.1890625 0.078125 0.078125
1 0.859375 0.203125 0.078125 0.078125
1 0.225 0.2109375 0.078125 0.078125
1 0.6015625 0.596875 0.078125 0.078125
