1 0.709375 0.43125 0.078125 0.078125
1 0.7359375 0.4484375 0.078125 0.078125
1 0.6515625 0.55625 0.078125 0.078125
1 0.696875 0.528125 0.078125 0.078125
1 0.6984375 0.34375 0.078125 0.078125
1 0.896875 0.0140625 0.078125 0.078125
1 0.646875 0.3125 0.078125 0.078125
1 0.69375 0.2796875 0.078125 0.078125
1 0.8046875 0.2234375 0.078125 0.078125
1 0.790625 0.253125 0.078125 0.078125
1 0.821875 0.284375 0.078125 0.078125
1 0.775 0.1890625 0.078125 0.078125
1 0.8125 0.1703125 0.078125 0.078125
1 0.9046875 0.1546875 0.078125 0.078125
1 0.78125 0.421875 0.078125 0.078125
