2 0.1390625 0.171875 0.078125 0.078125
2 0.1609375 0.228125 0.078125 0.078125
2 0.1421875 0.2125 0.078125 0.078125
2 0.1515625 0.203125 0.078125 0.078125
2 0.0796875 0.178125 0.078125 0.078125
2 0.084375 0.1890625 0.078125 0.078125
2 0.040625 0.2046875 0.078125 0.078125
2 0.2296875 0.1890625 0.078125 0.078125
2 0.2140625 0.190625 0.078125 0.078125
2 0.2109375 0.165625 0.078125 0.078125
2 0.1890625 0.2390625 0.078125 0.078125
2 0.215625 0.240625 0.078125 0.078125
2 0.19375 0.2203125 0.078125 0.078125
2 0.04375 0.1765625 0.078125 0.078125
1 0.25 0.40625 0.078125 0.078125
1 0.271875 0.428125 0.078125 0.078125
1 0.228125 0.4109375 0.078125 0.078125
1 0.190625 0.478125 0.078125 0.078125
1 0.11875 0.4796875 0.078125 0.078125
1 0.0953125 0.4796875 0.078125 0.078125
1 0.1 0.5109375 0.078125 0.078125
1 0.0203125 0.6515625 0.078125 0.078125
1 0.0265625 0.6109375 0.078125 0.078125
1 0.0421875 0.5953125 0.078125 0.078125
1 0.0671875 0.4421875 0.078125 0.078125
1 0.1 0.290625 0.078125 0.078125
