2 0.359375 0.628125 0.078125 0.078125
2 0.3640625 0.6046875 0.078125 0.078125
2 0.3421875 0.5390625 0.078125 0.078125
2 0.371875 0.6703125 0.078125 0.078125
2 0.3765625 0.65625 0.078125 0.078125
2 0.415625 0.4875 0.078125 0.078125
2 0.4328125 0.50625 0.078125 0.078125
2 0.321875 0.509375 0.078125 0.078125
2 0.421875 0.5375 0.078125 0.078125
2 0.3953125 0.571875 0.078125 0.078125
2 0.3640625 0.5546875 0.078125 0.078125
2 0.35625 0.56875 0.078125 0.078125
2 0.3890625 0.46875 0.078125 0.078125
2 0.7 0.0796875 0.078125 0.078125
2 0.6890625 0.065625 0.078125 0.078125
2 0.684375 0.0828125 0.078125 0.078125
2 0.859375 0.1828125 0.078125 0.078125
2 0.9015625 0.1796875 0.078125 0.078125
2 0.884375 0.21875 0.078125 0.078125
2 0.825 0.075 0.078125 0.078125
2 0.909375 0.1234375 0.078125 0.078125
2 0.9140625 0.2 0.078125 0.078125
2 0.83125 0.1015625 0.078125 0.078125
2 0.8390625 0.1390625 0.078125 0.078125
2 0.8421875 0.040625 0.078125 0.078125
2 0.9140625 0.1625 0.078125 0.078125
