0 0.7015625 0.65625 0.078125 0.078125
0 0.71875 0.64375 0.078125 0.078125
0 0.740625 0.64375 0.078125 0.078125
0 0.7953125 0.634375 0.078125 0.078125
0 0.809375 0.4734375 0.078125 0.078125
0 0.2390625 0.353125 0.078125 0.078125
0 0.2828125 0.2625 0.078125 0.078125
0 0.071875 0.334375 0.078125 0.078125
0 0.090625 0.40625 0.078125 0.078125
0 0.0703125 0.5390625 0.078125 0.078125
0 0.3046875 0.3984375 0.078125 0.078125
0 0.3953125 0.2734375 0.078125 0.078125
0 0.4015625 0.2203125 0.078125 0.078125
0 0.2859375 0.1015625 0.078125 0.078125
0 0.2484375 0.1296875 0.078125 0.078125
0 0.20625 0.00625 0.078125 0.078125
