0 0.55625 0.2609375 0.078125 0.078125
0 0.609375 0.2515625 0.078125 0.078125
0 0.6296875 0.2484375 0.078125 0.078125
0 0.646875 0.2625 0.078125 0.078125
0 0.6421875 0.23125 0.078125 0.078125
0 0.6578125 0.2296875 0.078125 0.078125
0 0.6703125 0.215625 0.078125 0.078125
0 0.6171875 0.2171875 0.078125 0.078125
0 0.6359375 0.2171875 0.078125 0.078125
0 0.6484375 0.1953125 0.078125 0.078125
0 0.6953125 0.1640625 0.078125 0.078125
0 0.69375 0.140625 0.078125 0.078125
0 0.7125 0.128125 0.078125 0.078125
0 0.6796875 0.0484375 0.078125 0.078125
0 0.6875 0.003125 0.078125 0.078125
