2 0.2359375 0.1203125 0.078125 0.078125
2 0.2375 0.10625 0.078125 0.078125
2 0.328125 0.2296875 0.078125 0.078125
2 0.309375 0.2140625 0.078125 0.078125
2 0.259375 0.1703125 0.078125 0.078125
2 0.3671875 0.240625 0.078125 0.078125
2 0.36875 0.2234375 0.078125 0.078125
2 0.4140625 0.2421875 0.078125 0.078125
2 0.3625 0.190625 0.078125 0.078125
1 0.05625 0.0859375 0.078125 0.078125
1 0.0484375 0.4359375 0.078125 0.078125
1 0.059375 0.21875 0.078125 0.078125
1 0.009375 0.23125 0.078125 0.078125
1 0.028125 0.2453125 0.078125 0.078125
1 0.2109375 0.2859375 0.078125 0.078125
1 0.14375 0.06875 0.078125 0.078125
1 0.0984375 0.0421875 0.078125 0.078125
1 0.09375 0.553125 0.078125 0.078125
1 0.203125 0.1890625 0.078125 0.078125
1 0.059375 0.2796875 0.078125 0.078125
1 0.115625 0.26875 0.078125 0.078125
1 0.0015625 0.503125 0.078125 0.078125
