0 0.634375 0.0140625 0.078125 0.078125
0 0.4953125 0.209375 0.078125 0.078125
2 0.375 0.2203125 0.078125 0.078125
2 0.378125 0.2 0.078125 0.078125
2 0.4078125 0.225 0.078125 0.078125
2 0.4046875 0.1828125 0.078125 0.078125
2 0.5015625 0.175 0.078125 0.078125
2 0.3390625 0.2828125 0.078125 0.078125
2 0.35 0.3171875 0.078125 0.078125
2 0.5984375 0.06875 0.078125 0.078125
2 0.471875 0.171875 0.078125 0.078125
2 0.54375 0.0171875 0.078125 0.078125
1 0.8671875 0.0109375 0.078125 0.078125
1 0.890625 0.0265625 0.078125 0.078125
1 0.9203125 0.0609375 0.078125 0.078125
1 0.784375 0.396875 0.078125 0.078125
1 0.8375 0.590625 0.078125 0.078125
1 0.8953125 0.6015625 0.078125 0.078125
