0 0.88125 0.66875 0.078125 0.078125
2 0.0015625 0.653125 0.078125 0.078125
2 0.284375 0.6125 0.078125 0.078125
2 0.3203125 0.6265625 0.078125 0.078125
2 0.3203125 0.6515625 0.078125 0.078125
2 0.840625 0.6625 0.078125 0.078125
1 0.8890625 0.1109375 0.078125 0.078125
1 0.3640625 0.434375 0.078125 0.078125
1 0.434375 0.3015625 0.078125 0.078125
1 0.45 0.321875 0.078125 0.078125
1 0.5140625 0.303125 0.078125 0.078125
1 0.5828125 0.3515625 0.078125 0.078125
1 0.41875 0.5 0.078125 0.078125
1 0.39375 0.453125 0.078125 0.078125
1 0.528125 0.4921875 0.078125 0.078125
1 0.5078125 0.5078125 0.078125 0.078125
1 0.5359375 0.5328125 0.078125 0.078125
1 0.528125 0.5671875 0.078125 0.078125
1 0.403125 0.59375 0.078125 0.078125
1 0.434375 0.546875 0.078125 0.078125
1 0.3640625 0.621875 0.078125 0.078125
1 0.7421875 0.521875 0.078125 0.078125
1 0.6375 0.5671875 0.078125 0.078125
1 0.7 0.5359375 0.078125 0.078125
1 0.684375 0.5015625 0.078125 0.078125
1 0.578125 0.5421875 0.078125 0.078125
1 0.5578125 0.5265625 0.078125 0.078125
1 0.5484375 0.59375 0.078125 0.078125
1 0.534375 0.6078125 0.078125 0.078125
1 0.734375 0.590625 0.078125 0.078125
1 0.7359375 0.609375 0.078125 0.078125
1 0.6921875 0.6421875 0.078125 0.078125
1 0.7328125 0.6421875 0.078125 0.078125
1 0.60625 0.453125 0.078125 0.078125
1 0.6171875 0.4984375 0.078125 0.078125
1 0.575 0.4640625 0.078125 0.078125
1 0.1796875 0.584375 0.078125 0.078125
1 0.1671875 0.559375 0.078125 0.078125
1 0.65 0.365625 0.078125 0.078125
1 0.653125 0.321875 0.078125 0.078125
1 0.625 0.34375 0.078125 0.078125
1 0.6109375 0.2828125 0.078125 0.078125
1 0.75625 0.09375 0.078125 0.078125
1 0.828125 0.18125 0.078125 0.078125
