2 0.1015625 0.625 0.078125 0.078125
1 0.70625 0.66875 0.078125 0.078125
1 0.6671875 0.40625 0.078125 0.078125
1 0.6890625 0.4109375 0.078125 0.078125
1 0.0328125 0.41875 0.078125 0.078125
1 0.0140625 0.403125 0.078125 0.078125
1 0.83125 0.4 0.078125 0.078125
1 0.7828125 0.4109375 0.078125 0.078125
1 0.7734375 0.3984375 0.078125 0.078125
1 0.721875 0.546875 0.078125 0.078125
1 0.6921875 0.54375 0.078125 0.078125
1 0.3890625 0.50625 0.078125 0.078125
1 0.1640625 0.30625 0.078125 0.078125
1 0.41875 0.5359375 0.078125 0.078125
1 0.421875 0.1046875 0.078125 0.078125
1 0.275 0.2453125 0.078125 0.078125
1 0.2609375 0.2671875 0.078125 0.078125
1 0.2484375 0.28125 0.078125 0.078125
1 0.5671875 0.5625 0.078125 0.078125
1 0.546875 0.340625 0.078125 0.078125
1 0.865625 0.5625 0.078125 0.078125
1 0.4109375 0.603125 0.078125 0.078125
1 0.3140625 0.5171875 0.078125 0.078125
1 0.3734375 0.528125 0.078125 0.078125
1 0.4390625 0.44375 0.078125 0.078125
1 0.0859375 0.471875 0.078125 0.078125
1 0.0734375 0.4015625 0.078125 0.078125
1 0.5046875 0.315625 0.078125 0.078125
1 0.6921875 0.64375 0.078125 0.078125
