0 0.175 0.65625 0.078125 0.078125
0 0.2578125 0.66875 0.078125 0.078125
0 0.221875 0.66875 0.078125 0.078125
0 0.2203125 0.65 0.078125 0.078125
0 0.1875 0.5875 0.078125 0.078125
0 0.1765625 0.5703125 0.078125 0.078125
0 0.0984375 0.6296875 0.078125 0.078125
0 0.0890625 0.66875 0.078125 0.078125
0 0.059375 0.615625 0.078125 0.078125
0 0.0171875 0.5140625 0.078125 0.078125
0 0.140625 0.65625 0.078125 0.078125
0 0.178125 0.503125 0.078125 0.078125
0 0.1203125 0.50625 0.078125 0.078125
0 0.0953125 0.50625 0.078125 0.078125
0 0.1234375 0.6375 0.078125 0.078125
0 0.16875 0.1875 0.078125 0.078125
0 0.196875 0.153125 0.078125 0.078125
0 0.18125 0.1625 0.078125 0.078125
0 0.18125 0.109375 0.078125 0.078125
0 0.2890625 0.1484375 0.078125 0.078125
0 0.1203125 0.084375 0.078125 0.078125
0 0.4296875 0.1203125 0.078125 0.078125
0 0.4890625 0.1734375 0.078125 0.078125
0 0.553125 0.125 0.078125 0.078125
0 0.2234375 0.153125 0.078125 0.078125
0 0.215625 0.171875 0.078125 0.078125
