0 0.7046875 0.5578125 0.078125 0.078125
0 0.79375 0.65625 0.078125 0.078125
0 0.75625 0.6328125 0.078125 0.078125
0 0.7453125 0.6109375 0.078125 0.078125
0 0.6828125 0.590625 0.078125 0.078125
0 0.6375 0.6046875 0.078125 0.078125
0 0.7765625 0.4734375 0.078125 0.078125
0 0.740625 0.4546875 0.078125 0.078125
0 0.7140625 0.4453125 0.078125 0.078125
0 0.765625 0.3875 0.078125 0.078125
0 0.3609375 0.3984375 0.078125 0.078125
0 0.2328125 0.6 0.078125 0.078125
0 0.8953125 0.009375 0.078125 0.078125
0 0.86875 0.0625 0.078125 0.078125
0 0.8234375 0.071875 0.078125 0.078125
0 0.7875 0.090625 0.078125 0.078125
0 0.7390625 0.15 0.078125 0.078125
0 0.340625 0.003125 0.078125 0.078125
