0 0.6546875 0.3875 0.078125 0.078125
0 0.6640625 0.3734375 0.078125 0.078125
0 0.703125 0.490625 0.078125 0.078125
2 0.5265625 0.0328125 0.078125 0.078125
2 0.5 0.05 0.078125 0.078125
2 0.7015625 0.4734375 0.078125 0.078125
2 0.734375 0.4640625 0.078125 0.078125
1 0.815625 0.5953125 0.078125 0.078125
1 0.4546875 0.6453125 0.078125 0.078125
1 0.475 0.63125 0.078125 0.078125
1 0.4546875 0.2328125 0.078125 0.078125
1 0.45625 0.259375 0.078125 0.078125
1 0.390625 0.328125 0.078125 0.078125
1 0.3484375 0.4109375 0.078125 0.078125
1 0.409375 0.50625 0.078125 0.078125
1 0.6234375 0.5375 0.078125 0.078125
1 0.5734375 0.55 0.078125 0.078125
1 0.75625 0.365625 0.078125 0.078125
1 0.8703125 0.446875 0.078125 0.078125
